-0.04 0
-0.03992 0
-0.03984 0
-0.03976 0
-0.03968 0
-0.0396 0
-0.03952 0
-0.03944 0
-0.03936 0
-0.03928 0
-0.0392 0
-0.03912 0
-0.03904 0
-0.03896 0
-0.03888 0
-0.0388 0
-0.03872 0
-0.03864 0
-0.03856 0
-0.03848 0
-0.0384 0
-0.03832 0
-0.03824 0
-0.03816 0
-0.03808 0
-0.038 0
-0.03792 0
-0.03784 0
-0.03776 0
-0.03768 0
-0.0376 0
-0.03752 0
-0.03744 0
-0.03736 0
-0.03728 0
-0.0372 0
-0.03712 0
-0.03704 0
-0.03696 0
-0.03688 0
-0.0368 0
-0.03672 0
-0.03664 0
-0.03656 0
-0.03648 0
-0.0364 0
-0.03632 0
-0.03624 0
-0.03616 0
-0.03608 0
-0.036 0
-0.03592 0
-0.03584 0
-0.03576 0
-0.03568 0
-0.0356 0
-0.03552 0
-0.03544 0
-0.03536 0
-0.03528 0
-0.0352 0
-0.03512 0
-0.03504 0
-0.03496 0
-0.03488 0
-0.0348 0
-0.03472 0
-0.03464 0
-0.03456 0
-0.03448 0
-0.0344 0
-0.03432 0
-0.03424 0
-0.03416 0
-0.03408 0
-0.034 0
-0.03392 0
-0.03384 0
-0.03376 0
-0.03368 0
-0.0336 0
-0.03352 0
-0.03344 0
-0.03336 0
-0.03328 0
-0.0332 0
-0.03312 0
-0.03304 0
-0.03296 0
-0.03288 0
-0.0328 0
-0.03272 0
-0.03264 0
-0.03256 0
-0.03248 0
-0.0324 0
-0.03232 0
-0.03224 0
-0.03216 0
-0.03208 0
-0.032 0
-0.03192 0
-0.03184 0
-0.03176 0
-0.03168 0
-0.0316 0
-0.03152 0
-0.03144 0
-0.03136 0
-0.03128 0
-0.0312 0
-0.03112 0
-0.03104 0
-0.03096 0
-0.03088 0
-0.0308 0
-0.03072 0
-0.03064 0
-0.03056 0
-0.03048 0
-0.0304 0
-0.03032 0
-0.03024 0
-0.03016 0
-0.03008 0
-0.03 0
-0.02992 0
-0.02984 0
-0.02976 0
-0.02968 0
-0.0296 0
-0.02952 0
-0.02944 0
-0.02936 0
-0.02928 0
-0.0292 0
-0.02912 0
-0.02904 0
-0.02896 0
-0.02888 0
-0.0288 0
-0.02872 0
-0.02864 0
-0.02856 0
-0.02848 0
-0.0284 0
-0.02832 0
-0.02824 0
-0.02816 0
-0.02808 0
-0.028 0
-0.02792 0
-0.02784 0
-0.02776 0
-0.02768 0
-0.0276 0
-0.02752 0
-0.02744 0
-0.02736 0
-0.02728 0
-0.0272 0
-0.02712 0
-0.02704 0
-0.02696 0
-0.02688 0
-0.0268 0
-0.02672 0
-0.02664 0
-0.02656 0
-0.02648 0
-0.0264 0
-0.02632 0
-0.02624 0
-0.02616 0
-0.02608 0
-0.026 0
-0.02592 0
-0.02584 0
-0.02576 0
-0.02568 0
-0.0256 0
-0.02552 0
-0.02544 0
-0.02536 0
-0.02528 0
-0.0252 0
-0.02512 0
-0.02504 0
-0.02496 0
-0.02488 0
-0.0248 0
-0.02472 0
-0.02464 0
-0.02456 0
-0.02448 0
-0.0244 0
-0.02432 0
-0.02424 0
-0.02416 0
-0.02408 0
-0.024 0
-0.02392 0
-0.02384 0
-0.02376 0
-0.02368 0
-0.0236 0
-0.02352 0
-0.02344 0
-0.02336 0
-0.02328 0
-0.0232 0
-0.02312 0
-0.02304 0
-0.02296 0
-0.02288 0
-0.0228 0
-0.02272 0
-0.02264 0
-0.02256 0
-0.02248 0
-0.0224 0
-0.02232 0
-0.02224 0
-0.02216 0
-0.02208 0
-0.022 0
-0.02192 0
-0.02184 0
-0.02176 0
-0.02168 0
-0.0216 0
-0.02152 0
-0.02144 0
-0.02136 0
-0.02128 0
-0.0212 0
-0.02112 0
-0.02104 0
-0.02096 0
-0.02088 0
-0.0208 0
-0.02072 0
-0.02064 0
-0.02056 0
-0.02048 0
-0.0204 0
-0.02032 0
-0.02024 0
-0.02016 0
-0.02008 0
-0.02 0
-0.01992 0
-0.01984 0
-0.01976 0
-0.01968 0
-0.0196 0
-0.01952 0
-0.01944 0
-0.01936 0
-0.01928 0
-0.0192 0
-0.01912 0
-0.01904 0
-0.01896 0
-0.01888 0
-0.0188 0
-0.01872 0
-0.01864 0
-0.01856 0
-0.01848 0
-0.0184 0
-0.01832 0
-0.01824 0
-0.01816 0
-0.01808 0
-0.018 0
-0.01792 0
-0.01784 0
-0.01776 0
-0.01768 0
-0.0176 0
-0.01752 0
-0.01744 0
-0.01736 0
-0.01728 0
-0.0172 0
-0.01712 0
-0.01704 0
-0.01696 0
-0.01688 0
-0.0168 0
-0.01672 0
-0.01664 0
-0.01656 0
-0.01648 0
-0.0164 0
-0.01632 0
-0.01624 0
-0.01616 0
-0.01608 0
-0.016 0
-0.01592 0
-0.01584 0
-0.01576 0
-0.01568 0
-0.0156 0
-0.01552 0
-0.01544 0
-0.01536 0
-0.01528 0
-0.0152 0
-0.01512 0
-0.01504 0
-0.01496 0
-0.01488 0
-0.0148 0
-0.01472 0
-0.01464 0
-0.01456 0
-0.01448 0
-0.0144 0
-0.01432 0
-0.01424 0
-0.01416 0
-0.01408 0
-0.014 0
-0.01392 0
-0.01384 0
-0.01376 0
-0.01368 0
-0.0136 0
-0.01352 0
-0.01344 0
-0.01336 0
-0.01328 0
-0.0132 0
-0.01312 0
-0.01304 0
-0.01296 0
-0.01288 0
-0.0128 0
-0.01272 0
-0.01264 0
-0.01256 0
-0.01248 0
-0.0124 0
-0.01232 0
-0.01224 0
-0.01216 0
-0.01208 0
-0.012 0
-0.01192 0
-0.01184 0
-0.01176 0
-0.01168 0
-0.0116 0
-0.01152 0
-0.01144 0
-0.01136 0
-0.01128 0
-0.0112 0
-0.01112 0
-0.01104 0
-0.01096 0
-0.01088 0
-0.0108 0
-0.01072 0
-0.01064 0
-0.01056 0
-0.01048 0
-0.0104 0
-0.01032 0
-0.01024 0
-0.01016 0
-0.01008 0
-0.01 0
-0.00992 0
-0.00984 0
-0.00976 0
-0.00968 0
-0.0096 0
-0.00952 0
-0.00944 0
-0.00936 0
-0.00928 0
-0.0092 0
-0.00912 0
-0.00904 0
-0.00896 0
-0.00888 0
-0.0088 0
-0.00872 0
-0.00864 0
-0.00856 0
-0.00848 0
-0.0084 0
-0.00832 0
-0.00824 0
-0.00816 0
-0.00808 0
-0.008 0
-0.00792 0
-0.00784 0
-0.00776 0
-0.00768 0
-0.0076 0
-0.00752 0
-0.00744 0
-0.00736 0
-0.00728 0
-0.0072 0
-0.00712 0
-0.00704 0
-0.00696 0
-0.00688 0
-0.0068 0
-0.00672 0
-0.00664 0
-0.00656 0
-0.00648 0
-0.0064 0
-0.00632 0
-0.00624 0
-0.00616 0
-0.00608 0
-0.006 0
-0.00592 0
-0.00584 0
-0.00576 0
-0.00568 0
-0.0056 0
-0.00552 0
-0.00544 0
-0.00536 0
-0.00528 0
-0.0052 0
-0.00512 0
-0.00504 0
-0.00496 0
-0.00488 0
-0.0048 0
-0.00472 0
-0.00464 0
-0.00456 0
-0.00448 0
-0.0044 0
-0.00432 0
-0.00424 0
-0.00416 0
-0.00408 0
-0.004 0
-0.00392 0
-0.00384 0
-0.00376 0
-0.00368 0
-0.0036 0
-0.00352 0
-0.00344 -0.858624
-0.00336 -0.881664
-0.00328 -0.902656
-0.0032 -0.9216
-0.00312 -0.938496
-0.00304 -0.953344
-0.00296 -0.966144
-0.00288 -0.976896
-0.0028 -0.9856
-0.00272 -0.992256
-0.00264 -0.996864
-0.00256 -0.999424
-0.00248 -0.999936
-0.0024 -0.9984
-0.00232 -0.994816
-0.00224 -0.989184
-0.00216 -0.981504
-0.00208 -0.971776
-0.002 -0.96
-0.00192 -0.946176
-0.00184 -0.930304
-0.00176 -0.912384
-0.00168 -0.892416
-0.0016 -0.8704
-0.00152 -0.846336
-0.00144 -0.820224
-0.00136 -0.792064
-0.00128 -0.761856
-0.0012 -0.7296
-0.00112 -0.695296
-0.00104 -0.658944
-0.00096 -0.620544
-0.00088 -0.580096
-0.0008 -0.5376
-0.00072 -0.493056
-0.00064 -0.446464
-0.00056 -0.397824
-0.00048 -0.347136
-0.0004 -0.2944
-0.00032 -0.239616
-0.00024 -0.182784
-0.00016 -0.123904
-8e-05 -0.062976
0 0
8e-05 16
0.00016 32
0.00024 48
0.00032 64
0.0004 80
0.00048 96
0.00056 112
0.00064 128
0.00072 144
0.0008 160
0.00088 176
0.00096 192
0.00104 208
0.00112 224
0.0012 240
0.00128 256
0.00136 272
0.00144 288
0.00152 304
0.0016 320
0.00168 336
0.00176 352
0.00184 368
0.00192 384
0.002 400
0.00208 416
0.00216 432
0.00224 448
0.00232 464
0.0024 480
0.00248 496
0.00256 500
0.00264 500
0.00272 500
0.0028 500
0.00288 500
0.00296 500
0.00304 500
0.00312 500
0.0032 500
0.00328 500
0.00336 500
0.00344 500
0.00352 500
0.0036 500
0.00368 500
0.00376 500
0.00384 500
0.00392 500
0.004 500
0.00408 500
0.00416 500
0.00424 500
0.00432 500
0.0044 500
0.00448 500
0.00456 500
0.00464 500
0.00472 500
0.0048 500
0.00488 500
0.00496 500
0.00504 500
0.00512 500
0.0052 500
0.00528 500
0.00536 500
0.00544 500
0.00552 500
0.0056 500
0.00568 500
0.00576 500
0.00584 500
0.00592 500
0.006 500
0.00608 500
0.00616 500
0.00624 500
0.00632 500
0.0064 500
0.00648 500
0.00656 500
0.00664 500
0.00672 500
0.0068 500
0.00688 500
0.00696 500
0.00704 500
0.00712 500
0.0072 500
0.00728 500
0.00736 500
0.00744 500
0.00752 500
0.0076 500
0.00768 500
0.00776 500
0.00784 500
0.00792 500
0.008 500
0.00808 500
0.00816 500
0.00824 500
0.00832 500
0.0084 500
0.00848 500
0.00856 500
0.00864 500
0.00872 500
0.0088 500
0.00888 500
0.00896 500
0.00904 500
0.00912 500
0.0092 500
0.00928 500
0.00936 500
0.00944 500
0.00952 500
0.0096 500
0.00968 500
0.00976 500
0.00984 500
0.00992 500
0.01 500
0.01008 500
0.01016 500
0.01024 500
0.01032 500
0.0104 500
0.01048 500
0.01056 500
0.01064 500
0.01072 500
0.0108 500
0.01088 500
0.01096 500
0.01104 500
0.01112 500
0.0112 500
0.01128 500
0.01136 500
0.01144 500
0.01152 500
0.0116 500
0.01168 500
0.01176 500
0.01184 500
0.01192 500
0.012 500
0.01208 500
0.01216 500
0.01224 500
0.01232 500
0.0124 500
0.01248 500
0.01256 500
0.01264 500
0.01272 500
0.0128 500
0.01288 500
0.01296 500
0.01304 500
0.01312 500
0.0132 500
0.01328 500
0.01336 500
0.01344 500
0.01352 500
0.0136 500
0.01368 500
0.01376 500
0.01384 500
0.01392 500
0.014 500
0.01408 500
0.01416 500
0.01424 500
0.01432 500
0.0144 500
0.01448 500
0.01456 500
0.01464 500
0.01472 500
0.0148 500
0.01488 500
0.01496 500
0.01504 500
0.01512 500
0.0152 500
0.01528 500
0.01536 500
0.01544 500
0.01552 500
0.0156 500
0.01568 500
0.01576 500
0.01584 500
0.01592 500
0.016 500
0.01608 500
0.01616 500
0.01624 500
0.01632 500
0.0164 500
0.01648 500
0.01656 500
0.01664 500
0.01672 500
0.0168 500
0.01688 500
0.01696 500
0.01704 500
0.01712 500
0.0172 500
0.01728 500
0.01736 500
0.01744 500
0.01752 500
0.0176 500
0.01768 500
0.01776 500
0.01784 500
0.01792 500
0.018 500
0.01808 500
0.01816 500
0.01824 500
0.01832 500
0.0184 500
0.01848 500
0.01856 500
0.01864 500
0.01872 500
0.0188 0
0.01888 0
0.01896 0
0.01904 0
0.01912 0
0.0192 0
0.01928 0
0.01936 0
0.01944 0
0.01952 0
0.0196 0
0.01968 0
0.01976 0
0.01984 0
0.01992 0
0.02 0
0.02008 0
0.02016 0
0.02024 0
0.02032 0
0.0204 0
0.02048 0
0.02056 0
0.02064 0
0.02072 0
0.0208 0
0.02088 0
0.02096 0
0.02104 0
0.02112 0
0.0212 0
0.02128 0
0.02136 0
0.02144 0
0.02152 0
0.0216 0
0.02168 0
0.02176 0
0.02184 0
0.02192 0
0.022 0
0.02208 0
0.02216 0
0.02224 0
0.02232 0
0.0224 0
0.02248 0
0.02256 0
0.02264 0
0.02272 0
0.0228 0
0.02288 0
0.02296 0
0.02304 0
0.02312 0
0.0232 0
0.02328 0
0.02336 0
0.02344 0
0.02352 0
0.0236 0
0.02368 0
0.02376 0
0.02384 0
0.02392 0
0.024 0
0.02408 0
0.02416 0
0.02424 0
0.02432 0
0.0244 0
0.02448 0
0.02456 0
0.02464 0
0.02472 0
0.0248 0
0.02488 0
0.02496 0
0.02504 0
0.02512 0
0.0252 0
0.02528 0
0.02536 0
0.02544 0
0.02552 0
0.0256 0
0.02568 0
0.02576 0
0.02584 0
0.02592 0
0.026 0
0.02608 0
0.02616 0
0.02624 0
0.02632 0
0.0264 0
0.02648 0
0.02656 0
0.02664 0
0.02672 0
0.0268 0
0.02688 0
0.02696 0
0.02704 0
0.02712 0
0.0272 0
0.02728 0
0.02736 0
0.02744 0
0.02752 0
0.0276 0
0.02768 0
0.02776 0
0.02784 0
0.02792 0
0.028 0
0.02808 0
0.02816 0
0.02824 0
0.02832 0
0.0284 0
0.02848 0
0.02856 0
0.02864 0
0.02872 0
0.0288 0
0.02888 0
0.02896 0
0.02904 0
0.02912 0
0.0292 0
0.02928 0
0.02936 0
0.02944 0
0.02952 0
0.0296 0
0.02968 0
0.02976 0
0.02984 0
0.02992 0
0.03 0
0.03008 0
0.03016 0
0.03024 0
0.03032 0
0.0304 0
0.03048 0
0.03056 0
0.03064 0
0.03072 0
0.0308 0
0.03088 0
0.03096 0
0.03104 0
0.03112 0
0.0312 0
0.03128 0
0.03136 0
0.03144 0
0.03152 0
0.0316 0
0.03168 0
0.03176 0
0.03184 0
0.03192 0
0.032 0
0.03208 0
0.03216 0
0.03224 0
0.03232 0
0.0324 0
0.03248 0
0.03256 0
0.03264 0
0.03272 0
0.0328 0
0.03288 0
0.03296 0
0.03304 0
0.03312 0
0.0332 0
0.03328 0
0.03336 0
0.03344 0
0.03352 0
0.0336 0
0.03368 0
0.03376 0
0.03384 0
0.03392 0
0.034 0
0.03408 0
0.03416 0
0.03424 0
0.03432 0
0.0344 0
0.03448 0
0.03456 0
0.03464 0
0.03472 0
0.0348 0
0.03488 0
0.03496 0
0.03504 0
0.03512 0
0.0352 0
0.03528 0
0.03536 0
0.03544 0
0.03552 0
0.0356 0
0.03568 0
0.03576 0
0.03584 0
0.03592 0
0.036 0
0.03608 0
0.03616 0
0.03624 0
0.03632 0
0.0364 0
0.03648 0
0.03656 0
0.03664 0
0.03672 0
0.0368 0
0.03688 0
0.03696 0
0.03704 0
0.03712 0
0.0372 0
0.03728 0
0.03736 0
0.03744 0
0.03752 0
0.0376 0
0.03768 0
0.03776 0
0.03784 0
0.03792 0
0.038 0
0.03808 0
0.03816 0
0.03824 0
0.03832 0
0.0384 0
0.03848 0
0.03856 0
0.03864 0
0.03872 0
0.0388 0
0.03888 0
0.03896 0
0.03904 0
0.03912 0
0.0392 0
0.03928 0
0.03936 0
0.03944 0
0.03952 0
0.0396 0
0.03968 0
0.03976 0
0.03984 0
0.03992 0
0.04 0
